day accuracy efficiency purity fom query_id
0 0.4560942994403447 0.5545490350531705 0.23933367329593744 0.05263972502898026 81661
1 0.4612679544328876 0.5470657739267428 0.2397928355632283 0.0520479715047944 154108
2 0.4607459507652682 0.5474596297755022 0.23967583412363136 0.05205519618209447 169115
3 0.4695363582326134 0.5354470263883419 0.24064076466943976 0.05115711953160342 573623
4 0.47857532075097836 0.520677432059866 0.2411088819989057 0.04986132308461738 357929
5 0.47498266125037153 0.5271760535643955 0.2410842939481268 0.05047751253279515 403670
6 0.48090165964825365 0.519495864513588 0.2418852008068953 0.04993914767826125 739218
7 0.48384859294490684 0.5120126033871603 0.2414113277623027 0.04910486052403603 813946
8 0.4867462716147253 0.5009846396218984 0.24002264364562695 0.04771818200599459 797713
9 0.49385591120800715 0.4864119732178023 0.23964296109440186 0.04624293036634354 108539
10 0.4953173777315297 0.48483654982276486 0.2399376279115096 0.04616062437308663 457183
11 0.49717542120911795 0.4824734147302087 0.24021962937542896 0.0459999169587505 462857
12 0.503493731106596 0.4694761717211501 0.23986316530838112 0.044681671658877466 286628
13 0.5087719298245614 0.4633714060653801 0.24083930399181167 0.044314457749627674 815502
14 0.5006195172721416 0.47646247784124485 0.2402900566206417 0.04544268161881367 434399
15 0.5021312450436162 0.4731140437266102 0.2401519696060788 0.045092450322645736 889502
16 0.5067162329615861 0.46385660823320857 0.23993886907794193 0.044163424798431626 330464
17 0.5185882819470605 0.4482962379357889 0.24169055962620792 0.04305338780293917 255005
18 0.5121697318197591 0.4566587864460205 0.24068113383864603 0.04363833396470609 798277
19 0.518391830259766 0.4385342789598109 0.23881557772771161 0.04152002488046187 505398
20 0.5238213276486045 0.4304570527974783 0.2393471355022456 0.04086321676858366 117891
21 0.5264253842340109 0.42572892040977145 0.23936641559592378 0.04041824958288007 726355
22 0.5380038673211364 0.4026792750197006 0.23878504672897197 0.03811950899130548 254934
23 0.5257834192780643 0.42305418719211824 0.23821147231776324 0.03993393448676535 636007
24 0.5275449992562107 0.4221521482065432 0.23884924174843888 0.03997568087791404 584363
25 0.5303976990974908 0.4178163184864013 0.23911572298669073 0.039617613167151386 443045
26 0.5339945450037193 0.4085534095388254 0.2383032532474997 0.03858280798022801 731718
27 0.5367982543146201 0.39751675206937326 0.23645955451348183 0.03719573617201363 639476
28 0.5496205921737837 0.382538431217974 0.23906885084369997 0.03626408278359402 670227
29 0.5500942366828687 0.37918801734331886 0.23826625386996905 0.03580300070513547 712681
30 0.5568176181737017 0.36401261332282225 0.23725112395632628 0.03419619026536049 369147
31 0.5581845238095238 0.3661805281828932 0.23884818100012856 0.034675267385139166 432002
32 0.5704151991666253 0.341939298383918 0.23812791655229207 0.03226368733391874 783936
33 0.5697489830340312 0.34299231224127735 0.23803009575923392 0.032347242455274934 855064
34 0.5799474128094458 0.3244628424995072 0.23799884326200116 0.030594972430922827 109521
35 0.585681682873586 0.3100729351468559 0.23639915840096182 0.029004800605732895 476851
36 0.5925080625155048 0.29627439384979304 0.23572772898368882 0.027620668276655436 729803
37 0.5922397538950084 0.2946974177015573 0.23487824037706206 0.027356264480833788 180159
38 0.6007046097355232 0.28562980484920164 0.2374631268436578 0.026861214124253192 106048
39 0.5948789202064311 0.29396687697160884 0.23651649746192893 0.027514413908642107 424554
40 0.6028484938712719 0.2823343848580442 0.23767634854771785 0.026579635731820345 316665
41 0.5954838709677419 0.2967856438572274 0.23813291139240506 0.02800391184985123 588631
42 0.5989379125514914 0.29047525142969827 0.23811833171677982 0.027406485098382373 369102
43 0.5963371054198928 0.293491124260355 0.23735843037167012 0.02758605223292327 552835
44 0.5924455253883953 0.30045373840994277 0.2373013399813026 0.028232418780746723 599593
45 0.5989774645090837 0.28486881041625567 0.23563968668407312 0.02654559642753441 87715
46 0.6033258873169521 0.2813178141645295 0.237508327781479 0.026461688852151655 126238
47 0.6028594122319301 0.27973959360820677 0.2364515591128898 0.02617424900933271 261795
48 0.5897830511840342 0.2983425414364641 0.23445495425647386 0.027635478934750577 98277
49 0.5920961175652865 0.2957774269928966 0.2351003764115433 0.02748731327106956 576476
50 0.5933171143438757 0.29498816101026043 0.2356928897997793 0.0274959349529484 143251
51 0.5925024826216485 0.2969613259668508 0.23593039661388931 0.027712953158064765 104046
52 0.5946670639058543 0.2941988950276243 0.23640399556048836 0.02752058174830214 63067
53 0.5975270632634819 0.2894632991318074 0.2365747460087083 0.027100814335717753 254331
54 0.6057506083329195 0.27940015785319655 0.23866509354458115 0.02643352866440344 265387
55 0.6020063567739372 0.2847838957963292 0.2380009896091044 0.02685376472809926 350409
56 0.6037745219766576 0.28379711861061774 0.2389895296659465 0.026892932887121468 73340
57 0.6014701499950332 0.2830076968620486 0.23682906688687036 0.02653023712493807 522622
58 0.6036854914816471 0.2812314979277679 0.23781708945260346 0.026494439015408523 636977
59 0.6041128551559706 0.2812314979277679 0.23817482868126358 0.026541816315455942 49102
60 0.5987780040733197 0.29253849190682985 0.23883964544721997 0.027700597086826515 87458
61 0.5966716343765525 0.29516288252714706 0.23828498565508446 0.02787193717648338 432516
62 0.5956580058621889 0.29318854886475815 0.23669110615237487 0.02746561916882197 297071
63 0.5998608903020668 0.287857847976308 0.23765281173594133 0.027096438914678615 759760
64 0.5998410095891091 0.287857847976308 0.23765281173594133 0.027096438914678615 226524
65 0.6019079797277154 0.2835143139190523 0.23739461067945114 0.026653129609673268 719441
66 0.6086459627329193 0.2746298124383021 0.23888030224969947 0.026010081643744683 110240
67 0.6123037169548797 0.2714708785784798 0.24051075739023964 0.025919898482425506 877984
68 0.6025443522337623 0.28850710900473936 0.2400591521524811 0.027484929985388897 778832
69 0.6040155054169566 0.28698400158009085 0.2405230922032776 0.027402757067481895 756343
70 0.6109537299339 0.2729606952399763 0.23997221739885397 0.025992674210821142 70178
71 0.61058648111332 0.27493580880900653 0.2405807120636018 0.02625982200234233 720633
72 0.610418012823699 0.2723681611692672 0.23928509456880098 0.025847890320860198 284686
73 0.6159160950392684 0.2664428204621766 0.24123748211731044 0.02553142241820402 665460
74 0.615051946115226 0.2654552636776615 0.24004286479728523 0.025286829285050463 582235
75 0.6095645257506462 0.27360726985381273 0.2391229281767956 0.025944548045154774 412326
76 0.6104896843151877 0.27222441722639273 0.23927765237020315 0.025833292950758844 861295
77 0.6127572834841404 0.26787830896878706 0.23919562533074618 0.02541049226734349 698226
78 0.6105006712076766 0.2732661529342027 0.23972958918356735 0.02599044697806219 625501
79 0.6131165473349244 0.26654811302114206 0.2388456090651558 0.025240306364279142 672223
80 0.6071801501665756 0.2808300395256917 0.24035859269282814 0.026793305100443664 387496
81 0.6053207359522625 0.2816762205969559 0.2391742195367573 0.026716494565406163 627606
82 0.6093291560992591 0.28009488041114844 0.24176761644770517 0.0269099224044069 306866
83 0.6098070419733439 0.2773275350859854 0.24094109565516056 0.026535533773827828 737624
84 0.6157557069677226 0.2670488238782368 0.24129308805143776 0.025596520827208084 317320
85 0.618273152292848 0.266455821308559 0.24323348971490436 0.02578481314601131 518364
86 0.616662521760756 0.266455821308559 0.24183710082526014 0.025608330751742302 740880
87 0.6173398328690808 0.26507214864597745 0.24179588892895781 0.025470174214263095 84049
88 0.6172213102522012 0.26546748369242934 0.24189481268011528 0.025520603478806914 365785
89 0.6162570888468809 0.26507214864597745 0.24088377941440633 0.025355713769473986 699107
90 0.6189741803890354 0.25835145285629574 0.24008082292432034 0.024614765190492674 238299
91 0.6185572139303482 0.25617711010081046 0.23867403314917127 0.02423751895828956 158728
92 0.6190855266431166 0.25617711010081046 0.23915851633142646 0.024296050837222857 551978
93 0.6176236441436959 0.26334519572953735 0.24126064118819054 0.02523748476233857 4705
94 0.6231775886948301 0.24990114669829971 0.23971173904798027 0.02376608603014452 404467
95 0.6216162420382165 0.2508896797153025 0.23880316146029357 0.023752536821748646 385725
96 0.6213983578004478 0.2500988533017003 0.2382297551789077 0.023610078315421706 651103
97 0.6232208619488404 0.24713325425069196 0.2384131222582491 0.02335146782170723 663642
98 0.629273876474394 0.243574535389482 0.2422812192723697 0.02346054472674864 723942
99 0.6268166434401752 0.24658888669171444 0.241432720232333 0.02365174538147588 405424
100 0.6296351600219003 0.24362270120624877 0.2426152028357621 0.023503771956624783 294964
101 0.6325037332005973 0.23769033023531738 0.24233870967741936 0.02290027067512436 838931
102 0.6307929712778138 0.23793512658227847 0.2407444466680008 0.02274421591406285 125762
103 0.6319195539625647 0.23655063291139242 0.2411290322580645 0.022654913273704783 56514
104 0.6334445163538607 0.23813291139240506 0.24347826086956523 0.02307170075774167 763538
105 0.6332769092900528 0.2331882911392405 0.24071049407921602 0.022286721405087917 651153
106 0.637042569081404 0.23081487341772153 0.2432263443101292 0.02233507108445116 610086
107 0.6367755427205736 0.2298259493670886 0.2424368871270603 0.022153276911203397 879439
108 0.6358611761191058 0.22804588607594936 0.2405591487586063 0.021778920454366735 478001
109 0.636988347774126 0.23160601265822786 0.24365376612567624 0.022458648627259423 22426
110 0.6371694636721279 0.22923259493670886 0.24257011301799916 0.02211056737114227 205253
111 0.640089641434263 0.2288370253164557 0.24538706256627785 0.02237887230928402 509788
112 0.6398725036107376 0.22132120253164558 0.24100796898556967 0.02118368194619035 544822
113 0.6424444665803367 0.21875 0.24227820372398687 0.0210691892362623 849274
114 0.6420779997011505 0.21795886075949367 0.24145486415425066 0.020907961747646413 892724
115 0.6397190675433353 0.22314540059347182 0.241852487135506 0.02144751294047684 433444
116 0.639601494396015 0.22215628090999012 0.24119415807560138 0.021283185758566702 44014
117 0.6421739563614626 0.22314540059347182 0.2444733420026008 0.0217251865932536 700301
118 0.6404623125591591 0.2215628090999011 0.24179620034542315 0.02128949435414286 560684
119 0.6417895575926664 0.2205736894164194 0.2426550598476605 0.021284263409719395 489789
120 0.6421702954511485 0.2215628090999011 0.24363715466608657 0.021483018456574254 819609
121 0.6450921773791729 0.21839762611275965 0.24500665778961384 0.021318388968035954 733720
122 0.6419353231351836 0.21943015433320143 0.24213973799126637 0.02112029518794657 156498
123 0.6415686665337851 0.21907777557886404 0.24149214659685864 0.02101916255553844 487393
124 0.6415009717446554 0.2179334916864608 0.24070835155225187 0.02082853943982581 274384
125 0.6399880394697498 0.22233221144327855 0.24155732415573242 0.021338267964345084 453310
126 0.6408671816596063 0.2203524054642645 0.2413793103448276 0.02112968271575139 141679
127 0.6361144338118022 0.22792079207920793 0.24064394731340163 0.02177611286487659 28362
128 0.6385386033992922 0.22950495049504951 0.244 0.02229267831241723 591034
129 0.6380719768716977 0.22653465346534654 0.2419116092197082 0.021779615393256277 437755
130 0.6404964857185584 0.22673267326732674 0.24455360956856045 0.022083098918942595 838221
131 0.6412761714855434 0.22257425742574258 0.2430795847750865 0.021522149462021217 678204
132 0.6437509347425096 0.220990099009901 0.2448442299254059 0.021554356799077915 893553
133 0.6430351979260146 0.2198019801980198 0.24342105263157895 0.02128972059509616 106173
134 0.6435159794585431 0.2188118811881188 0.2433920704845815 0.021190808826719653 231379
135 0.6435979258077383 0.21603960396039604 0.2419068736141907 0.020770109968346148 685728
136 0.644078783345799 0.2186138613861386 0.24392399469730447 0.021226886804775465 826879
137 0.6454074000199461 0.21603960396039604 0.24390789179521574 0.02097527880402172 52594
138 0.6473844312571685 0.21584158415841584 0.24599413225005642 0.02117046042766789 102370
139 0.6447735886694594 0.21469597940186175 0.24239713774597496 0.020690828740364344 469183
140 0.6455039648895317 0.2137056842939196 0.2426354845963571 0.02061955050998294 881698
141 0.6453865336658354 0.21350762527233116 0.24241061389700921 0.020577668309662314 482103
142 0.6469150581076363 0.20934838581897405 0.24165523548239598 0.020101857177566823 869729
143 0.650987629688747 0.2018221429986136 0.24169829222011385 0.01938329535490926 728396
144 0.6504713922282636 0.20320855614973263 0.2419811320754717 0.019543680034648077 75970
145 0.6522498254015764 0.20023767082590613 0.24221370388116914 0.019280027162380104 794366
146 0.6533300074831628 0.20043572984749455 0.24362060664419835 0.019432933378584448 451112
147 0.6503691877868689 0.20542789223454833 0.24319887429643527 0.019875790655647194 426314
148 0.6514493838247767 0.20324881141045958 0.24312796208530807 0.01965811467827409 208826
149 0.6518810497954296 0.2004754358161648 0.24193162801816878 0.01927611791410535 328167
150 0.6525123496831495 0.20106973058637084 0.24305555555555555 0.019440443564980606 493178
151 0.654690618762475 0.20106973058637084 0.2456437560503388 0.019687996965576538 540639
152 0.6529766954438845 0.19829635499207607 0.24190430159497342 0.019064027213510196 146651
153 0.654406627407925 0.19631537242472266 0.24235754463193934 0.01891575440669909 745471
154 0.6546888256725059 0.195919175911252 0.24246138759499877 0.018887227310286404 401723
155 0.6544220403274107 0.19809825673534073 0.24354603019970775 0.019199288305421666 497921
156 0.6524581981532318 0.20110957004160887 0.24305555555555555 0.01944429544601191 242631
157 0.6521413596885295 0.20170398256389935 0.24307545367717287 0.019503671566304098 780587
158 0.6554684770129287 0.1941747572815534 0.242274412855377 0.01870184394456239 269382
159 0.6577975239616614 0.19476916980384387 0.24550449550449552 0.019058141938799376 77387
160 0.6564824521990914 0.1967895362663496 0.24512466057763516 0.019220223223417442 331466
161 0.6572141787319021 0.19223147047166073 0.24310776942355888 0.01859068059396918 571997
162 0.6566478606021269 0.19342053111375346 0.2432095689010715 0.01871502313542415 744845
163 0.6580287597363691 0.19203329369797859 0.24401913875598086 0.018654662816375064 884959
164 0.6574124931342687 0.19262782401902498 0.24367009275507645 0.01868045943794196 801276
165 0.6571457105762508 0.1962338949454906 0.24559662614735797 0.019210081676657338 217494
166 0.6563795255930087 0.1950832672482157 0.24386617100371746 0.018936759886775602 286997
167 0.65601278465841 0.19547977795400476 0.24369747899159663 0.018959577125973705 149134
168 0.6576936522998552 0.19270420301348137 0.24397590361445784 0.018715875832244593 368521
169 0.6573269403655978 0.19191118160190326 0.24303288978157167 0.018552883630344786 443221
170 0.657409719794216 0.19310071371927043 0.24392687202604557 0.01874988487315017 576502
171 0.6586913086913087 0.19111816019032513 0.24423612870534583 0.01858548435624669 641272
172 0.6583745441830261 0.18992862807295796 0.24308551129155037 0.01836596605368868 113334
173 0.6602058147667099 0.18854084060269627 0.24447300771208227 0.018356095353518034 463644
174 0.6610381176000399 0.1873513084853291 0.24475524475524477 0.018265447902469412 874800
175 0.6586730615507594 0.19214753123140987 0.244882486732373 0.01874468516694213 569346
176 0.6594054459155634 0.1899662899068015 0.2443877551020408 0.018487170431807788 213064
177 0.6598381133206755 0.18956970057505454 0.24468901970821602 0.018475750203869115 420729
178 0.6606705641333134 0.1885782272456871 0.24510309278350514 0.018416296376119162 763454
179 0.6597041774935039 0.18802062673542244 0.24345146379044685 0.018214137967012108 179635
180 0.6631852481135375 0.18385561285204283 0.2451084082496034 0.01795555763946942 350188
181 0.6629685157421289 0.1808806029353431 0.24281150159744408 0.017467504222472778 477318
182 0.6631515817881953 0.18048393494644982 0.24279615795090714 0.017427884210661007 763376
183 0.6636845261895242 0.18028560095200316 0.2433734939759036 0.017458145442140287 868812
184 0.6643174888788924 0.17532725109083697 0.24074074074074073 0.01675922253074177 209216
185 0.6654503648905329 0.17651725505751686 0.24310297732859876 0.01707055927427904 602853
186 0.6640339915021245 0.18230509819480262 0.24519743863393811 0.017811863198067573 396175
187 0.6631673665266946 0.18511904761904763 0.2459146020031629 0.018150070557857445 420208
188 0.6627505874118882 0.1841635245088311 0.24466121803321908 0.017946419273778776 246756
189 0.6631336866313369 0.18158364754911688 0.24341580207501995 0.017587492061759497 213137
190 0.664366781660917 0.18138519547529272 0.24490889603429797 0.017697061129848157 787152
191 0.6621 0.18281063914251688 0.24287974683544303 0.017659806864931616 865741
192 0.663433171658583 0.18102421595871376 0.2433947157726181 0.01753149463251003 729190
193 0.6628662866286629 0.18244987095493348 0.2435727537768354 0.017684994347387815 489804
194 0.6652497874681202 0.1802660313678777 0.24520658925195787 0.017613424780160654 238278
195 0.6640828165633127 0.18046456223942822 0.2438304721030043 0.017514658026440345 861699
196 0.6666666666666666 0.1770895374230693 0.24492037342119716 0.017278917893390703 679791
197 0.6671001300390117 0.17669247567996824 0.24524662441443923 0.017267629664562613 414437
198 0.6677837243035062 0.17629541393686718 0.24591525893104405 0.017285009117360944 803601
199 0.6706182472989196 0.1689497716894977 0.24454022988505747 0.016454137755523297 579382
200 0.6697513881246561 0.17434471803018267 0.24718468468468469 0.017199400273089933 546518
201 0.6698349174587294 0.17057188244638602 0.2445899772209567 0.016616154119011746 313071
202 0.6694682075141327 0.16957903097696583 0.24337418067825592 0.016421418806477926 297193
203 0.6697018210926556 0.1687847498014297 0.2431350114416476 0.016325334243424586 870597
204 0.6696352629208986 0.1669976171564734 0.24173613107214717 0.016041690008977056 850777
205 0.6697688381867307 0.16600476568705322 0.241200230813618 0.01590419254118456 11275
206 0.6692019014260695 0.16961271102284012 0.24302788844621515 0.01639679139840451 310615
207 0.6706865492393915 0.1676266137040715 0.24364896073903003 0.01625423506045914 47111
208 0.6713706650653055 0.16683217477656406 0.24404416037187682 0.016208538840193593 542784
209 0.6746571914723251 0.1602780536246276 0.24380664652567977 0.015553678364006071 143317
210 0.67369000550523 0.15988083416087387 0.24210526315789474 0.015386021697489954 867014
211 0.6738738738738739 0.16206554121151936 0.24409213281483697 0.01574913440855065 700351
212 0.6745082336453276 0.1608738828202582 0.244122965641953 0.01563569055488471 178282
213 0.6739413354690159 0.16011124354390147 0.24262492474413005 0.015447649305289033 118319
214 0.6733243229714171 0.1603098927294398 0.24190647482014388 0.015412209129456508 208419
215 0.6744092911493793 0.1613031386571315 0.24428399518652227 0.015689763846381263 367237
216 0.6736420525657071 0.16070719110051648 0.24272427242724273 0.01551272134593937 375533
217 0.6742264944427756 0.15815616928273396 0.24150485436893204 0.015175061565701089 645882
218 0.6738597106093226 0.1611685214626391 0.243251349730054 0.015597574093818654 289646
219 0.6726416983777288 0.16338700059630293 0.24312333629103816 0.015802343156860927 345671
220 0.6729257423263733 0.16338700059630293 0.24355555555555555 0.015835881911350196 718011
221 0.6729594391587381 0.1623931623931624 0.24286563614744353 0.015686357729393908 352350
222 0.6738444589113125 0.1629894653150467 0.24463007159904535 0.015880627561589627 178033
223 0.6732772435897436 0.16600397614314116 0.24602239245727756 0.01628445959580861 757128
224 0.6727600540892472 0.16381709741550696 0.2436428149024246 0.015884359645843463 478212
225 0.6724932385054593 0.16302186878727634 0.24267534773601657 0.015732368177658773 860079
226 0.6736288504883546 0.1610337972166998 0.24280575539568344 0.015550473980153412 595237
227 0.6712582648767782 0.16325313183535495 0.24104521432765708 0.015628593894219497 304346
228 0.6712918899964935 0.16384967190296282 0.2415713866901202 0.01572651481048822 532388
229 0.6718264702935578 0.16225889838934182 0.24113475177304963 0.015540288859824286 531229
230 0.6710084665096939 0.1616945107398568 0.2394698085419735 0.015358994886260496 811586
231 0.6716933867735471 0.15891010342084327 0.2382940650164032 0.015006402627733575 226703
232 0.6721779648278972 0.15692124105011934 0.23743605176045743 0.014755197138427384 624094
233 0.6725122757791362 0.15572792362768498 0.23698547215496368 0.014609988521504592 563275
234 0.672746404770256 0.15655460513228567 0.2379081015719468 0.014755505896899258 25510
235 0.6724794548005613 0.15937126939912455 0.23967684021543986 0.01515389206893385 502030
236 0.6710598847406665 0.15877437325905291 0.23721759809750298 0.01491312969170483 531574
237 0.6721960509171093 0.15781094527363185 0.2379951980792317 0.01488038996456481 81231
238 0.6720292687816368 0.16023089171974522 0.23958333333333334 0.015228555824603885 657524
239 0.6737169206094628 0.1552547770700637 0.23809523809523808 0.01464667708208148 334786
240 0.6737506891885119 0.15585191082802546 0.23864675403840294 0.014743511680360512 659836
241 0.6740852130325814 0.15707744375870994 0.2400365074536051 0.014962465667707611 467004
242 0.6757732217153742 0.15429026478200278 0.24031007751937986 0.014716917563821803 187402
243 0.6747543613394826 0.15651135005973715 0.2405140758873929 0.014943867972176068 415088
244 0.6741865944753597 0.15511748307447232 0.23859111791730475 0.014669967137915983 441873
245 0.6744209365286273 0.15690959776981284 0.24039048200122026 0.014972724999105414 483839
246 0.6742541990473803 0.155515730784548 0.23905723905723905 0.014741811596399073 256832
247 0.675591656638588 0.15432098765432098 0.24008674101610905 0.014703561031730854 439953
248 0.675826104397533 0.15452011150935882 0.2406201550387597 0.0147614928636295 688267
249 0.6767124661518403 0.15531660692951016 0.24261275272161742 0.014984162449600238 101685
250 0.6742390050649416 0.1577375024895439 0.2408026755852843 0.015082470357565953 404137
251 0.6748746238716149 0.15992830113523201 0.24348089751364463 0.015494983809313623 816877
252 0.6750589297356938 0.1563433578968333 0.24094536525475752 0.014959719155169936 376401
253 0.676396830173538 0.1547500497908783 0.2416796267496112 0.014861054095601588 177606
254 0.6763304408887997 0.15395339573790082 0.24096009975062344 0.014732108802351736 251264
255 0.6758126003210273 0.1555467038438558 0.24149659863945577 0.014924075639072651 298009
256 0.6769500877853022 0.1555467038438558 0.24322640921831204 0.015051663449640863 681766
257 0.6777866960971205 0.15455088627763394 0.24371859296482412 0.014991435968930492 209037
258 0.6782722119098982 0.15355506871141206 0.24367888748419722 0.014891944399559586 79357
259 0.6787076058599237 0.15395339573790082 0.24469768914213358 0.015005166423578027 88598
260 0.677186292709849 0.15617529880478087 0.24408468244084683 0.01517618173809472 177418
261 0.676116407425991 0.1551792828685259 0.24170027924294135 0.014903792547723052 198675
262 0.6775051432585679 0.15717131474103585 0.2454121306376361 0.015372278087353078 411699
263 0.677488960256925 0.15378486055776894 0.24269097767997486 0.014842094305612901 807795
264 0.6781251568224018 0.15521020123530585 0.24473766886584983 0.015130615287486328 513409
265 0.6779082605640872 0.15301852958756723 0.24265402843601896 0.014765451780782968 101478
266 0.6760853199498118 0.1584296532483061 0.24416461916461915 0.015401268565957854 558566
267 0.6758682995382453 0.15862893583100837 0.2440220723482526 0.015409889299668373 79324
268 0.6774080208803895 0.1548425667596652 0.24334481678672096 0.014992233566636742 154442
269 0.6773918281297059 0.1548425667596652 0.24334481678672096 0.014992233566636742 439272
270 0.678881582249887 0.15464328417696294 0.24549193293261626 0.015130902600091192 679034
271 0.679417670682731 0.15245117576723793 0.24456521739130435 0.01484914049680889 773919
272 0.6772428334755761 0.15228224038269883 0.24100946372239748 0.01457574939268127 29052
273 0.67797971683904 0.15228224038269883 0.2421553090332805 0.0146583887680965 611292
274 0.6783150072802129 0.15228224038269883 0.24269377382465057 0.014697275347698572 843823
275 0.6780980116489255 0.15088698425353797 0.24123645634161886 0.014458411022775727 332715
276 0.6785337685161938 0.15228224038269883 0.24307986000636334 0.014725178034727492 814238
277 0.6785176257909009 0.15128562886186964 0.24225981487392276 0.01456995207539133 210258
278 0.6800582534023 0.15128562886186964 0.24468085106382978 0.01474393840602967 469117
279 0.6782342306147047 0.15151515151515152 0.241961158866603 0.014570608016135031 222917
280 0.6787203053588469 0.15294117647058825 0.24380165289256198 0.014841331269349844 348787
281 0.67945755901557 0.15194416749750747 0.24415251521948095 0.014769926729570186 756532
282 0.6797428298759355 0.15174476570289133 0.2444587214905236 0.014772645094013088 197569
283 0.6804299778983324 0.15094715852442672 0.24490456163054028 0.014727026550198613 52683
284 0.679158085095695 0.14915254237288136 0.24144609425435765 0.01430701483648567 731212
285 0.6821058977192807 0.1485543369890329 0.24563138806462248 0.014545009995640623 400783
286 0.6824415975885456 0.1469591226321037 0.24485049833887043 0.014334154761760245 514506
287 0.6822749196141479 0.14978061428001596 0.24687705456936226 0.014754097760269147 5466
288 0.6802994523438678 0.14801516058248554 0.24216710182767623 0.014248475499767032 14032
289 0.6806853582554517 0.14941153002194296 0.24397394136807818 0.014511052384133203 563530
290 0.6801165770564294 0.14764565043894654 0.24151436031331594 0.014167243429048293 474384
291 0.6810552763819095 0.14904229848363926 0.2441974501471069 0.014491031754168753 280387
292 0.6818935624905774 0.14764565043894654 0.24438573315719947 0.014368461510365653 371598
293 0.6820283445572419 0.14684756584197925 0.24395094464700035 0.014260431252104067 749162
294 0.6824144343368347 0.14804469273743018 0.24561403508771928 0.01449388600226589 170226
295 0.6812927221552071 0.1498702853721812 0.24526453298497713 0.0146476554287491 88933
296 0.6802211610957527 0.14967072440630613 0.24342745861733203 0.014497358040130387 876896
297 0.6805569518447773 0.14867291957693074 0.24314621409921672 0.014380852387018101 633725
298 0.681596541497009 0.14787467571343046 0.2441515650741351 0.01437427977222248 365577
299 0.6828875930022119 0.1474755537816803 0.2459234608985025 0.014459922282693613 280816
300 0.683072746468252 0.14607862702055477 0.24506193505189153 0.014262979188881697 801041
301 0.6824534942182001 0.14630738522954093 0.2441705529646902 0.014223251110511074 724739
302 0.6795716225049022 0.14873228189259333 0.24156939040207523 0.014275386499611189 241332
303 0.6799074818986324 0.1505591054313099 0.24354005167958656 0.014591460860566537 450256
304 0.679137124754865 0.15418414220091872 0.24523506988564167 0.015067108579634081 791133
305 0.6788695564718897 0.1546144626448262 0.24509183027232426 0.015098611416489464 810982
306 0.6787025396027156 0.15421494206951658 0.244535951853025 0.01501878835343343 498066
307 0.6778314222490445 0.15401518178186177 0.24306431273644388 0.014891610879585581 748364
308 0.6793240456671529 0.15304695304695304 0.24449409511650175 0.014901991360615995 338820
309 0.6785534654461322 0.15244755244755245 0.2428389560789306 0.014723731964238292 569553
310 0.6800462753382627 0.15304695304695304 0.2456703014753047 0.01498772258168832 275368
311 0.6801810865191147 0.15204795204795205 0.24508856682769725 0.01484774688932266 281646
312 0.6799134765330248 0.1508792965627498 0.2436269764440142 0.01462872337291333 634583
313 0.6809538182915786 0.15027977617905675 0.24479166666666666 0.014653837096298064 861597
314 0.6815414801026312 0.1496802557953637 0.2452521283562541 0.014628198276451908 781000
315 0.6814751459046086 0.1474820143884892 0.2433234421364985 0.014278069869959996 315684
316 0.6815094339622642 0.14768185451638688 0.24357284113381675 0.014314912183579474 6915
317 0.6834054543624837 0.14728217426059154 0.24632352941176472 0.01446906990536603 269583
318 0.6830372867709958 0.14548361310951238 0.24421335122442134 0.01414612933668025 114160
319 0.6833735909822867 0.1464828137490008 0.24564343163538874 0.014343027314723162 105640
320 0.6845654471340143 0.145083932853717 0.24643584521384929 0.0142608902317626 606699
321 0.6848515349773527 0.1442845723421263 0.24624829467939974 0.014169404411182696 682545
322 0.6835774321807842 0.14371377173695782 0.24356368563685638 0.01392965784293242 393816
323 0.6831588483994363 0.1449130521686988 0.2439434724091521 0.01407205502575765 753447
324 0.6828408919313435 0.1449130521686988 0.24345198119543318 0.01403820989074113 790980
325 0.6826739152320548 0.14214314274290285 0.24069058903182125 0.013583840657285474 534419
326 0.6832116788321168 0.14294282287085167 0.2422907488986784 0.013768573131167847 479494
327 0.6828433346757954 0.13974410235905638 0.23889268626110732 0.013235925142138266 167380
328 0.6829784020540703 0.14034386245501798 0.2396722430863776 0.013344357502833892 550683
329 0.6831638304299668 0.13954418232706917 0.2392869386355845 0.013242942116151499 212795
330 0.6835506772065858 0.14077184563087383 0.24093086926762491 0.013468793058458165 286112
331 0.6833333333333333 0.13977204559088183 0.2397119341563786 0.013292606784765496 562455
332 0.6834180975879953 0.13977204559088183 0.23987645847632122 0.013303466757628866 630306
333 0.6847618088427838 0.14117176564687062 0.2433643571182351 0.013669903517582042 256096
334 0.6851488140202447 0.1436 0.24605894448252227 0.014089204700737906 872223
335 0.6849818694601129 0.142 0.24440619621342513 0.013820424948594928 554958
336 0.6863258625031479 0.1422 0.246875 0.014007231920199502 653899
337 0.6842953560995265 0.14042808561712342 0.2418188081295212 0.01349493718045457 535206
338 0.6835742708910492 0.140656262505002 0.24075342465753424 0.013445927731984827 607151
339 0.6838605682047149 0.14248549129477686 0.2427548585066485 0.013755887430763543 405051
340 0.6849025238023273 0.14208525115069043 0.24415405777166438 0.013811682409226478 37087
341 0.6842317380352645 0.14068441064638784 0.24183006535947713 0.01352031998419831 881675
342 0.685676860295229 0.13988393035821492 0.2435540069686411 0.013557801902439298 696876
343 0.6854091092301491 0.13868320992595556 0.24205378973105135 0.013342699497249371 125127
344 0.6863001965032499 0.13988393035821492 0.24466223311165558 0.013631516425539138 413739
345 0.687040209614028 0.137282369421653 0.24360795454545456 0.013309172614931308 717332
346 0.6886873267825648 0.13788272963778267 0.2470419505198996 0.013592960469370762 807215
347 0.6872102398709937 0.13788272963778267 0.24449964513839603 0.013425833906222762 617922
348 0.6869928942196241 0.137282369421653 0.24360795454545456 0.013309172614931308 284766
349 0.6852635823001714 0.1355084067253803 0.23896929050476526 0.012839634898961857 79793
350 0.6853485207398821 0.13650920736589273 0.24005631819781767 0.013004508929115635 688356
351 0.6864415322580645 0.13590872698158526 0.2413793103448276 0.01303234368316571 819595
352 0.6868793790009577 0.13530824659727783 0.2416011436740529 0.012988976810531072 5754
353 0.6866619618913197 0.13530824659727783 0.2412562455389008 0.012966880450774003 700026
354 0.6875031506780259 0.13250600480384309 0.24011606819006165 0.012626885731991378 809464
355 0.686277475297439 0.13413413413413414 0.2394567548248749 0.01274027074991067 601209
356 0.6867154020670532 0.13333333333333333 0.23948220064724918 0.012665810868635002 732763
357 0.687254209942523 0.13253253253253253 0.23968139029688632 0.0126022028923494 898202
358 0.6876418091060355 0.13393393393393394 0.2416907514450867 0.01286273353456816 636257
359 0.6873739411052844 0.13413413413413414 0.24144144144144145 0.012866123102343575 79311
360 0.6879632897987998 0.13673673673673672 0.24489064180709932 0.013339693071160005 252118
361 0.6875945537065052 0.13496195434521427 0.24253328535444404 0.013015360885487826 876302
362 0.687881385849009 0.1367641169403284 0.24471515585811537 0.013330939327849907 728388
363 0.6880169457333064 0.1357629154985983 0.24406047516198703 0.013191065736321249 832384
364 0.6874464114591214 0.13516219463356027 0.24254401724757457 0.013035359533883868 169735
365 0.6877837183496419 0.1367915081113559 0.24453992123165055 0.013322201631264234 648389
366 0.6882219419924338 0.13759262968155417 0.24606017191977078 0.013499876691120781 309255
367 0.6870964487489911 0.13498898457840977 0.2417503586800574 0.012967869955223515 820243
368 0.6877869141905867 0.13438814340076108 0.24241329479768786 0.012952376360515752 299558
369 0.688527898294824 0.13458842379331062 0.24392014519056263 0.013067970060555519 402879
370 0.688713990212401 0.1360176282051282 0.2454808387563268 0.013307776592403751 591714
371 0.6885973763874874 0.1360176282051282 0.24530346820809248 0.013296281248384978 219710
372 0.6881275543670216 0.13381410256410256 0.2424682395644283 0.012900536948018546 882294
373 0.6885659501463316 0.13581730769230768 0.24511930585683298 0.01326478458879064 92163
374 0.6890548518948377 0.1330128205128205 0.2434017595307918 0.012882221823295336 171052
375 0.6880803391199031 0.13524343818873974 0.24368231046931407 0.013116281720890709 886132
376 0.688115064345193 0.13524343818873974 0.2437703141928494 0.013121937728532316 1537
377 0.68774603815484 0.1330394710478862 0.2411038489469862 0.012739862817392044 76533
378 0.6881845253116641 0.1334401923462232 0.24226991633321207 0.012851940434213255 556340
379 0.6892287502523723 0.13143658585453816 0.24224519940915806 0.012657428115175725 830505
380 0.688657816364646 0.13143658585453816 0.24126517101875689 0.012596406182699348 109285
381 0.689449772841999 0.13143658585453816 0.24269330373658898 0.012685361235924238 99228
382 0.6900398808622343 0.13163694650370666 0.24396583735610844 0.01278425334115821 462679
383 0.690074717285945 0.13226452905811623 0.24453501296776584 0.012881007699329603 259614
384 0.6907154036451759 0.13026052104208416 0.24381095273818454 0.012640988157264063 421789
385 0.691053216197112 0.131062124248497 0.2452193475815523 0.012806608286047667 347504
386 0.690734662963898 0.13086172344689379 0.24447772369898915 0.01274082382746707 256178
387 0.6912744900020198 0.13026052104208416 0.2449133383571967 0.01270929730972001 817842
388 0.6914608897641772 0.13086172344689379 0.24585843373493976 0.012826884630864852 370921
389 0.6923038076961923 0.1284569138276553 0.2451242829827916 0.01254622608007421 383026
390 0.6924902782687743 0.12645290581162325 0.24353531455036664 0.01225491991508743 654664
391 0.6918686868686869 0.1278813389456805 0.24369747899159663 0.012403206787373696 694561
392 0.6917521086923581 0.12710505212510023 0.2426329889016456 0.012263674181603037 356419
393 0.6915850085867259 0.12750601443464316 0.24274809160305344 0.01230932379787994 35256
394 0.6927312219023084 0.1281074578989575 0.24548597771801767 0.01253417020325124 51236
395 0.6921095170741564 0.12690457097032878 0.2431809450633884 0.01227733355100384 224642
396 0.6923970699671634 0.12570168404170007 0.2425531914893617 0.012123512674072598 78925
397 0.6928867333535415 0.12570168404170007 0.24349514563106797 0.012179718110670059 787722
398 0.6931238316576568 0.1265036086607859 0.2447633824670287 0.012333710918565497 559999
399 0.6929062247372676 0.12530072173215717 0.24319066147859922 0.012122747845603443 78522
400 0.6930928199686727 0.12590216519647154 0.24416796267496113 0.012239405533031598 22512
401 0.6931783729156139 0.12449879711307137 0.24295774647887325 0.012031396359666562 248706
402 0.693466067006923 0.12590216519647154 0.24492979719188768 0.012285046572931032 700398
403 0.6948655750960178 0.12550120288692862 0.24723538704581358 0.012383945934302856 756370
404 0.6939910041946733 0.12409783480352847 0.24418145956607495 0.012064796567203412 65634
405 0.6941271606186192 0.12429831595829992 0.244672454617206 0.012113322209076698 635603
406 0.6939600707606772 0.12570168404170007 0.2457859662877303 0.012316761352421622 722444
407 0.6935402345329559 0.12550120288692862 0.24481814626515447 0.012239251130583785 775601
408 0.6936763888186827 0.12512532584720273 0.24460995687965503 0.012190195679727478 361512
409 0.6938631078758467 0.124724283136154 0.24459300039323634 0.012150118106607329 255671
410 0.6935948637581517 0.1253258472027271 0.2447141738449491 0.012215947364582725 130051
411 0.6939838220424671 0.12432324042510527 0.2444794952681388 0.012104335594152839 644775
412 0.693361646190404 0.124724283136154 0.24373040752351097 0.01209895572531001 427463
413 0.6932955809485287 0.12414761331728841 0.24293563579277866 0.011996155579675542 383804
414 0.6942407847499621 0.12515042117930206 0.24576604962583695 0.012261557986478957 71965
415 0.6945287216828478 0.12434817488969113 0.24554455445544554 0.012169829270972139 804398
416 0.6944121365360303 0.12414761331728841 0.24514851485148514 0.012126774916111966 65594
417 0.6937898250227571 0.12314480545527477 0.24297586070439256 0.0119016072012496 119232
418 0.6947352450311031 0.12274368231046931 0.24440894568690097 0.011946427095102928 875656
419 0.6966417155573539 0.1197352587244284 0.24507389162561577 0.011691519374956452 23771
420 0.6964746345657782 0.11893301243481749 0.2439325380501851 0.011548596098550315 269358
421 0.6966110268082953 0.11933413557962294 0.24465460526315788 0.011628531062868597 61153
422 0.696848601345541 0.11953469715202567 0.2453684643886373 0.011688708696079951 716506
423 0.6975414811817078 0.12076228686058174 0.24794069192751236 0.011957055376656285 342436
424 0.6964132139424293 0.12018459069020866 0.24498977505112474 0.011730580059220301 701680
425 0.6954872002428413 0.11900461569335742 0.24184339314845024 0.011437558688194642 101774
426 0.6956741715153049 0.11860325105358217 0.2418166939443535 0.011397483150027166 793278
427 0.6959623557984214 0.11980734497290789 0.2436734693877551 0.01161874349396134 263155
428 0.695693973587006 0.12123645122440786 0.24453441295546557 0.011806968161809473 456442
429 0.6955267685456937 0.1202328382175833 0.24319935038570847 0.011632930074678145 131232
430 0.6957643843935023 0.11782416700120434 0.24116680361544782 0.011286355422602307 189248
431 0.696255060728745 0.11782416700120434 0.24216171617161716 0.011341880293490808 375824
432 0.6969482261248039 0.1188277800080289 0.24462809917355371 0.011577690218030465 652406
433 0.6971859499949388 0.11762344439983942 0.24386183936745734 0.011417481931142271 531357
434 0.6967657032950346 0.11682055399437977 0.2421972534332085 0.011247239441642519 657913
435 0.6974589997975299 0.11501405058209554 0.24167018135807677 0.011044587059416917 758907
436 0.6968362439888636 0.11441188277800081 0.23979806478754734 0.010885457049484303 740745
437 0.6973271236205325 0.11501405058209554 0.24146649810366624 0.011033492547051858 190309
438 0.6971092998531868 0.11380971497390606 0.2397463002114165 0.010825383054890914 307714
439 0.6971445929526124 0.11340826977117624 0.23940677966101695 0.010769020574910013 830997
440 0.6978380841476381 0.11360899237254114 0.24105621805792163 0.010876638985598493 267556
441 0.6977215189873418 0.11421116017663589 0.24151103565365026 0.01095887860716793 369133
442 0.6979593903488784 0.11340826977117624 0.24114383269312847 0.010862124499188773 540055
443 0.6980453716832085 0.11421116017663589 0.24223073648361004 0.010997825374937523 812657
444 0.6987896895730997 0.11601766358892011 0.2457482993197279 0.011365798229558613 464723
445 0.6979135014686518 0.11661983139301485 0.24463157894736842 0.011362757343508573 436587
446 0.697948847809572 0.11461260537936571 0.2425658453695837 0.011054695552638147 642289
447 0.699604943273906 0.11360899237254114 0.2449156209433146 0.011084759469549782 642523
448 0.6998936331864458 0.11323027504517165 0.24500434404865334 0.011052591748957565 519131
449 0.6996758180528821 0.11262798634812286 0.24391304347826087 0.010935323700466758 551696
450 0.6992047008763487 0.11244979919678715 0.24263431542461006 0.010849739412508753 788376
451 0.698936170212766 0.11285140562248996 0.24255502805351747 0.010884244029490193 298344
452 0.6997314960231015 0.11244979919678715 0.24379625598606877 0.010911780895893399 201819
453 0.6998176107001722 0.11124497991967872 0.24266316250547526 0.010735014609911515 671273
454 0.6993464052287581 0.11367744527013457 0.24428139835994822 0.011057129063910666 684954
455 0.6994325091203891 0.11307491464149427 0.24382849718492855 0.010974172891425835 875355
456 0.6989612363820623 0.11169144234632382 0.24121475054229935 0.010701437522756513 256957
457 0.699503395155569 0.11128967456809964 0.24192139737991267 0.01070018738471489 887204
458 0.7000456088785284 0.11189232623543592 0.2437636761487965 0.01085595291989859 89947
459 0.6993715791607541 0.11108879067898754 0.24148471615720524 0.010657894039812649 414579
460 0.6994577061476864 0.1122940940136601 0.24304347826086956 0.0108565199850633 413263
461 0.6998986315255955 0.11352220212979706 0.24522569444444445 0.011093055033437452 833530
462 0.700491662020376 0.11352220212979706 0.24650959860383945 0.011162555552268593 263410
463 0.7002737226277372 0.11070926260799678 0.2429453262786596 0.010698141651526872 110893
464 0.7002585289197546 0.11193729903536978 0.24419114423498467 0.010883064332815669 868637
465 0.6995843049782013 0.11376884422110553 0.24470384781668827 0.011088886831263255 14248
466 0.6992648922686946 0.11316582914572865 0.24340683095546908 0.010960323724246556 823012
467 0.6995538430338674 0.11316582914572865 0.24403987863025575 0.010994367870413326 711883
468 0.6995386097449678 0.11236180904522614 0.24314919530230536 0.010868705875805747 223770
469 0.7005374708447419 0.11336683417085427 0.24639580602883354 0.011141121183544486 414116
470 0.699812382739212 0.11419380780056293 0.24567474048442905 0.01118311772943444 844701
471 0.7003042596348884 0.11479694410936872 0.2474003466204506 0.011336744221108532 14296
472 0.6993255236066738 0.11341242710637442 0.24373379429559205 0.011001824714137458 730685
473 0.7003245765290598 0.1162510056315366 0.24881618596642274 0.01155910566919459 198147
474 0.7001065070751128 0.11604987932421561 0.24817204301075269 0.011503312209254837 821405
475 0.6998376952728749 0.11484312148028962 0.2463330457290768 0.011282763655410423 253644
476 0.6995688562008623 0.11464199517296862 0.24558380008616976 0.011222039712964472 474908
477 0.6995536167190829 0.11687789177227922 0.24786689419795221 0.011568322848329511 528093
478 0.6997920154212955 0.11526855763427882 0.24666379681446404 0.011342758633769837 365743
479 0.6998782467532467 0.11506739086702877 0.24665804225959465 0.011322647097185697 281735
480 0.7001674192075491 0.11408450704225352 0.24609375 0.011195208634987495 231858
481 0.7003044140030441 0.11327967806841047 0.24552987352812908 0.011085774161744324 92437
482 0.6997310873205135 0.1143087140269672 0.24535637149028078 0.011177026952542154 399497
483 0.6992084432717678 0.11330247534715235 0.24319654427645787 0.010962243275553663 554317
484 0.6987364895722332 0.11473429951690821 0.2436938862761864 0.01112787999398293 282292
485 0.6980615041104232 0.11475739883229313 0.24224394390140247 0.011051143323941052 236737
486 0.6972849530575996 0.11395208375276827 0.23983050847457626 0.010843456523884807 400018
487 0.6990458790093382 0.11516005637205556 0.24475823705605476 0.011227467571981556 143842
488 0.6982185453991778 0.11516005637205556 0.2430939226519337 0.011136357099715263 404419
489 0.6978479342198761 0.11455607006241192 0.24171622769753612 0.011003106661970356 203782
490 0.6981371503984569 0.11536138514193678 0.2432088285229202 0.011162119838961461 822825
491 0.6986802030456852 0.11576404268169921 0.24478501489995744 0.011287828479222833 291513
492 0.6991725468297884 0.11576404268169921 0.24583155194527576 0.011345547049936433 431168
493 0.6982942430703625 0.11334809744312463 0.24142367066895368 0.010871376296504115 22675
494 0.6982789257247296 0.11495872760217435 0.24318568994889267 0.011121896553853195 713887
495 0.6983143785540211 0.11536138514193678 0.2437260740110591 0.011190464480502755 530768
496 0.698959126681899 0.11558598469593234 0.24519436138402392 0.011292996632419602 436855
497 0.6987915101046004 0.11601208459214502 0.24521072796934865 0.01133553192961417 838744
498 0.6990808916874016 0.11500503524672709 0.24474924989284183 0.011211861896172301 240314
499 0.6986085720089377 0.11540785498489425 0.2442455242966752 0.011223472658917925 868329
500 0.6991518968056473 0.11460221550855992 0.2445208422862054 0.01116013359992651 221724
501 0.6989842559674961 0.11339375629405841 0.24288179465056084 0.010954132600129528 431653
502 0.6985118594138859 0.11462530217566479 0.24316239316239316 0.011088370781698957 38609
503 0.6986489232019504 0.11464839814628248 0.24337040205303678 0.011101929636697537 109932
504 0.6995987199674912 0.11384243401168648 0.2444829078321073 0.011084090163123016 133469
505 0.699583460327136 0.11384243401168648 0.2444829078321073 0.011084090163123016 572720
506 0.6998221996443993 0.1150513802135805 0.2463330457290768 0.011303224036812538 596504
507 0.699095712253607 0.11303646987709047 0.2426470588235294 0.010907027795157852 829258
508 0.6981151247269217 0.11223050574249446 0.23977615152819629 0.01067675349249691 10007
509 0.6980489787623209 0.11225312374042724 0.23956989247311827 0.010667973029076605 102746
510 0.6982368782074082 0.1120515920999597 0.2397585166019836 0.010658799864427304 249308
511 0.6971036585365854 0.11368675670227776 0.23918575063613232 0.010783607598399707 250753
512 0.6976472381726714 0.11388832896593429 0.24052788420604512 0.010874920714171519 128031
513 0.6982416912287834 0.11187260632936907 0.2395338800172637 0.010629908665091566 514571
514 0.6987345631956091 0.11126788953839951 0.23989569752281617 0.01059145973878195 601255
515 0.6987192518804635 0.11146946180205604 0.24012158054711247 0.010622542198265894 724477
516 0.6989580686149937 0.11350806451612903 0.24277705907718844 0.010959533583018462 795858
517 0.6986886245806648 0.11393426093970559 0.2425933877200515 0.010990755921279436 751947
518 0.6992832816550603 0.11554748941318814 0.2456065152164595 0.011311927461772904 777510
519 0.6997254981699877 0.11617587736990723 0.2471042471042471 0.01145648097330364 192424
520 0.6993035432870723 0.11516740621218233 0.24516960068699012 0.01125074233484279 348560
521 0.6985256736146416 0.1145623235175474 0.24294268605645852 0.01107033000305664 388189
522 0.6990696019116376 0.11476401774909238 0.24431086303134392 0.011164425730763133 208188
523 0.6992068334350213 0.11335215812827754 0.2430795847750865 0.010960755827269781 145113
524 0.6985305333807902 0.11317329029655034 0.24139414802065404 0.01085302835151534 115176
525 0.6984135055425608 0.11155941093403268 0.23939393939393938 0.010592780605515122 462729
526 0.7000254258835494 0.11115594109340327 0.2423043095866315 0.010707504115815595 861445
527 0.700213588283157 0.11176114585434739 0.24340949033391915 0.010824418671907072 332570
528 0.6999440573666277 0.11198547215496368 0.24299474605954466 0.010824092136190325 695641
529 0.6996236395076798 0.11016949152542373 0.24031690140845072 0.010508829904416728 376314
530 0.7002187070850923 0.11077481840193705 0.24227714033539277 0.01066936408818657 390619
531 0.6999491353001017 0.1115819209039548 0.24265028521281265 0.010766847366931951 269717
532 0.6997304033775879 0.11138014527845036 0.24199912319158265 0.010712988359244571 741664
533 0.700020347949944 0.1115819209039548 0.24286341677646026 0.010778131399106902 493217
534 0.6991911278424988 0.11059535822401614 0.23992994746059546 0.010529231463995977 618899
535 0.6998880748880749 0.1112008072653885 0.242091388400703 0.010700601607270183 741447
536 0.7006868481302467 0.11079717457114026 0.24335106382978725 0.010727980394983423 642122
537 0.7010277806044571 0.11081953976584578 0.244 0.0107643183530519 182134
538 0.700147560168931 0.11122325393621316 0.2426243945398503 0.01073087251249404 233912
539 0.7006411561164259 0.11203068227694792 0.24460114587924195 0.010913994850571545 792460
540 0.6998117144165691 0.10922673127397536 0.2395925597874225 0.010381528745470955 31390
541 0.6994402035623409 0.11023622047244094 0.24 0.010498687664041995 620170
542 0.7002391979235585 0.10781344639612356 0.2389261744966443 0.01021330146807344 369767
543 0.7003766286644951 0.10841913991520291 0.23994638069705093 0.010322886194053894 679825
544 0.7002595816155138 0.10761154855643044 0.23879928315412186 0.010187736302056383 547686
545 0.7007533340120127 0.10801534423581667 0.2403414195867026 0.010304602205093067 856937
546 0.7005344871468567 0.10841913991520291 0.2403760071620412 0.010344896612378102 335137
547 0.7006210547749949 0.10882293559458914 0.24105545617173524 0.010418394722110754 123197
548 0.7006058137758998 0.10801534423581667 0.24012567324955117 0.010293589092654421 536085
549 0.7000814580999898 0.10781344639612356 0.23881932021466906 0.010207868860909571 1362
550 0.7011353800722977 0.11003432263274783 0.24362986142154672 0.010668689883445574 534663
551 0.7018329938900204 0.10983242479305472 0.24493471409275103 0.010717280553797627 504726
552 0.7007994297061969 0.10740965071673733 0.2399639152007217 0.010227659599302713 806811
553 0.7007332722273144 0.10844103392568659 0.24091520861372812 0.010374636596845484 134501
554 0.7011763507664104 0.10924878836833603 0.24281867145421904 0.010550445288695072 157779
555 0.7008046445304542 0.11068471015956373 0.24355555555555555 0.010727842442065956 802928
556 0.7004329004329004 0.1103030303030303 0.2422360248447205 0.010621773288439955 413506
557 0.700774167260874 0.11050505050505051 0.2432192085371276 0.010692775982002942 648299
558 0.7013701421076759 0.1098989898989899 0.24383684446436577 0.01066637832382703 517470
559 0.7018643031784841 0.10868686868686869 0.24354911724762335 0.010533874140431517 889831
560 0.7019000560338241 0.10891089108910891 0.24378109452736318 0.010567591412606608 380491
561 0.7016301579215487 0.11012325722368155 0.24461400359066426 0.01072884790613272 762
562 0.7019206276427734 0.10931501313396645 0.24435411020776873 0.010636586709617958 449217
563 0.7017525983289179 0.10951707415639524 0.24425416854438936 0.010651041484436788 67719
564 0.7016355021144342 0.10974130962004851 0.24415467625899281 0.010667656842765189 563782
565 0.7011617242433507 0.1095392077607114 0.2429403854773644 0.010584819148922371 866611
566 0.7011464968152866 0.10893290218270008 0.24224719101123596 0.01049041169849479 431082
567 0.701182225845903 0.1093371059013743 0.24281867145421904 0.010558974347133791 83632
568 0.7009631554808133 0.10855063674954518 0.24134831460674158 0.010407372243261163 859966
569 0.700234430741005 0.10998786898503841 0.24134871339840283 0.010545188707765402 566224
570 0.7013913663931503 0.10938131823695917 0.24314606741573033 0.010580241939244575 755565
571 0.7013761467889909 0.10816821674080064 0.24175327609579755 0.010391451958399774 112492
572 0.7014628676283194 0.10857258390618682 0.24243792325056435 0.010465531782018008 423039
573 0.7000713630339485 0.1061463809138698 0.23669972948602344 0.009944120267626989 15230
574 0.7008207167252893 0.10816821674080064 0.24066576698155645 0.010335773523187774 81818
575 0.7018760195758564 0.10735948241002831 0.24202370100273474 0.010327515427486418 514461
576 0.7016568952332398 0.10837040032349374 0.2427536231884058 0.010462272077340172 840198
577 0.701233812582849 0.1087747674888799 0.24234234234234234 0.010480090420669302 633074
578 0.702034364962015 0.10776384957541447 0.24293527803099363 0.010413004319016664 856196
579 0.7011523557005914 0.10735948241002831 0.2405980969642048 0.010255061190812202 79151
580 0.7023099281015757 0.10837040032349374 0.24430264357338194 0.010542020793719173 59228
581 0.7007139214686384 0.10980788675429727 0.24241071428571428 0.010583188233507883 673819
582 0.7010556377173747 0.1102123356926188 0.24362986142154672 0.01068594964463214 286204
583 0.7013973888208894 0.10983009708737865 0.24382577458464302 0.010659113980061948 522915
584 0.7014841638190442 0.10924539753186324 0.24324324324324326 0.010572135245019024 563843
585 0.7010098949301234 0.10843617236496055 0.24133273300315172 0.010395597994566061 389287
586 0.7010456516194848 0.10985231640704025 0.2430617726051925 0.01062140452439866 757262
587 0.7004692919812283 0.1094698502630514 0.24130240856378235 0.010493123492613539 19302
588 0.70116818854257 0.11030155838899008 0.24362986142154672 0.010694600484255398 720834
589 0.7005917763493521 0.10910931174089068 0.24094769780956637 0.01044024836292208 368957
590 0.7002703943676343 0.11115610447459 0.24249116607773852 0.010717369398761839 613164
591 0.7 0.11075116420328002 0.24150110375275938 0.010626361483808836 272878
592 0.700188785142099 0.10994128366066006 0.24101198402130491 0.010523200604219709 19289
593 0.6998673334013675 0.10955852571891454 0.2398049645390071 0.01042405248222525 738566
594 0.6999030463846507 0.10976103685702714 0.24014178112538767 0.010460784592317338 793222
595 0.69912226985099 0.10955852571891454 0.23832599118942732 0.010347619136510609 416031
596 0.7001275835672366 0.11036857027136493 0.24136403897254208 0.010582489584428902 24975
597 0.7004695314892314 0.11016605913325232 0.2418852823477101 0.010590269688724027 856960
598 0.7003521665901087 0.10692588092345079 0.23794502027940514 0.010079783097229426 275629
599 0.7005920783993467 0.10834345889023897 0.24012567324955117 0.010324857589290673 615156
600 0.700678883160635 0.10854597002835156 0.24057450628366248 0.010367184592871781 303
601 0.7013272077590608 0.10793843661401377 0.2412856496152105 0.010345475043206138 196846
602 0.7012098626780335 0.10775774762001215 0.2407239819004525 0.010299518816716936 102293
603 0.7017561772513784 0.10836540409155357 0.24263038548752835 0.010455453776191373 18013
604 0.7020983305253484 0.1081628519343731 0.24316939890710382 0.010463580241477397 292196
605 0.7020831205963444 0.10818476499189628 0.24305871643149748 0.010460015300683072 83952
606 0.7018636711769212 0.108387358184765 0.24285065819337268 0.010468899914939388 289818
607 0.7014399509803921 0.10757698541329011 0.2410349523377213 0.010298067289427988 754001
608 0.7018842873921258 0.11000810372771475 0.2448151487826871 0.010728160977756664 379468
609 0.701869063425595 0.10818476499189628 0.24272727272727274 0.010442997922211246 857219
610 0.7017516980746642 0.10899513776337115 0.24343891402714932 0.010558045393715102 539771
611 0.7016343207354443 0.10798217179902755 0.24205267938237965 0.010388898478137487 741241
612 0.7025895091679861 0.10575364667747164 0.24155483572420175 0.010149550205118624 46914
613 0.7026253958524875 0.10516717325227963 0.2408352668213457 0.010057446640488875 453074
614 0.7036828931909894 0.10699088145896657 0.24535315985130113 0.010461330631543399 494205
615 0.703259092766653 0.10800405268490375 0.2456221198156682 0.01057423954464616 593501
616 0.7029885057471265 0.10476190476190476 0.24125058329444704 0.01003927799108522 419244
617 0.7037396546439154 0.10620186461289015 0.24451703219785348 0.010341902445113255 639384
618 0.7031625197976805 0.10622339347253193 0.2431554524361949 0.010275255340521827 396017
619 0.7038115675454731 0.10541252787350497 0.2436738519212746 0.010222774057109769 472698
620 0.7036431454703388 0.10541252787350497 0.24333177351427235 0.01020564410616693 419846
621 0.7036280020439448 0.10723697547131562 0.24547563805104408 0.010491651567287954 874468
622 0.7036128570698554 0.1056152442732617 0.24357176250584386 0.010237310189091972 466026
623 0.7037510220768601 0.10541252787350497 0.2436738519212746 0.010222774057109769 831073
624 0.7025604333827362 0.10563665855636659 0.2412037037037037 0.010120761145249539 414460
625 0.7037207400592865 0.1076860677347394 0.24606116774791473 0.010565650769982747 12940
626 0.7037055967288526 0.10788886635570878 0.2462962962962963 0.010597650831099903 311943
627 0.7032304232263341 0.10788886635570878 0.24527431996311663 0.010545081187072767 225175
628 0.7048509942237898 0.10870006083958629 0.24988344988344988 0.010863925528625442 816927
629 0.7039668745527042 0.10849726221861691 0.24768518518518517 0.010729396541027735 459834
630 0.7036961300547007 0.10930845670249442 0.24804417855499308 0.010828387826253354 756923
631 0.7034764826175869 0.10849726221861691 0.24665744582757032 0.010676114638028334 420069
632 0.7037169589447313 0.10788886635570878 0.24652455977757182 0.010609404233130698 230730
633 0.7038040699458022 0.1077079107505071 0.24640371229698377 0.010585397114291925 535012
634 0.7034821291609142 0.10608519269776877 0.24382284382284383 0.010295519721828366 655103
635 0.7028022090407037 0.10446247464503043 0.2404295051353875 0.009970010089360763 441499
636 0.7031961135259525 0.1052738336713996 0.242296918767507 0.010140519613113658 645849
637 0.7034366370052163 0.10608519269776877 0.24382284382284383 0.010295519721828366 33759
638 0.7028588963330435 0.10509231081355244 0.24126688402421984 0.010071751526627228 370853
639 0.703610883797054 0.10448366808683303 0.24223894637817497 0.010061534978444094 593809
640 0.7033911308884456 0.10488942990464598 0.2422680412371134 0.010102055749013033 546570
641 0.7031202046035806 0.10428078717792656 0.24097515236755743 0.009979580079957969 517504
642 0.7038723208348253 0.10590383444917834 0.24461105904404873 0.010317618809718382 877954
643 0.7033967669326785 0.1061067153580848 0.24382284382284383 0.010297608486227195 66732
644 0.7027676881362869 0.10488942990464598 0.24102564102564103 0.01004033239413108 894543
645 0.7023943517855316 0.10428078717792656 0.23951537744641194 0.009907638559973059 202021
646 0.7022256331542595 0.1038961038961039 0.2385834109972041 0.009825416548726486 602669
647 0.702312730249693 0.10328733766233766 0.2380729653882133 0.009743004979638597 21375
648 0.7021951593921097 0.10328733766233766 0.23785046728971962 0.009732183426532742 732434
649 0.7032033568723774 0.1038961038961039 0.24082784571966134 0.009935525811506387 825847
650 0.7029322961977381 0.10572240259740259 0.2424383434155421 0.010190818085707078 544858
651 0.7033265097236439 0.10430194805194805 0.24165491302303715 0.01001516930668808 453221
652 0.7034648651415119 0.10470779220779221 0.2424812030075188 0.01009514588550463 317170
653 0.7037055993448664 0.10430194805194805 0.24256724870221802 0.010060274216307242 291699
654 0.7036904335363668 0.1038961038961039 0.242080378250591 0.009997144370382483 671920
655 0.7032145782145782 0.10227272727272728 0.23908918406072105 0.009696285655653602 726980
656 0.7031993857179422 0.10125811688311688 0.23784556720686367 0.009540747795444737 325898
657 0.7031329988737586 0.1020698051948052 0.2387280493592786 0.009659663596046475 450845
658 0.7036297547739723 0.1010551948051948 0.23862002874940105 0.009558497058497059 260397
659 0.7044849477780053 0.10044642857142858 0.23982558139534885 0.009558051161641127 587808
660 0.7055450309763965 0.10166396103896104 0.24379562043795622 0.009865125795180995 732586
661 0.7045058883768561 0.10127866856099046 0.24083011583011582 0.009685330703705296 641621
662 0.7050028163244406 0.09945199918814694 0.23972602739726026 0.009458749922785715 458907
663 0.7042195821384678 0.09926918392204628 0.23760932944606414 0.009342307724765327 145061
664 0.7047677574640242 0.10069021518473406 0.24065987384764678 0.0096209490910476 747808
665 0.7048550650414831 0.1000812017864393 0.24013638577691185 0.009537991973847783 541256
666 0.7050960307298335 0.09845716605765327 0.23868110236220472 0.00931559218454191 704190
667 0.7043638598647818 0.10050761421319797 0.23947750362844702 0.009547355408853002 634315
668 0.7049121548942273 0.10073111291632819 0.24089363768819816 0.009635994601060517 538579
669 0.7052556090564491 0.10093419983753046 0.24196689386562803 0.009706713877564365 824602
670 0.7054966446391066 0.10075157424334755 0.2421875 0.009699685719080045 716325
671 0.7052254098360655 0.10095470241722528 0.24184914841849148 0.00970305300741848 509601
672 0.7051590757723244 0.10138155221454694 0.24211547792333818 0.009756874552566812 528930
673 0.7048365611230659 0.10158472165786266 0.2416626389560174 0.009754630464553741 311090
674 0.7045140134241943 0.10077204388459976 0.23996129656507015 0.009595495059850542 611146
675 0.7050112728018036 0.10097521332791548 0.2413793103448276 0.009682554702676826 21528
676 0.7049449141685883 0.10077204388459976 0.24101068999028183 0.009645490885133438 627011
677 0.7050322845136825 0.10140215403373298 0.24188075618031993 0.00974757751162257 338717
678 0.7053759032439911 0.10201178622231254 0.2434529582929195 0.009882268754071959 324795
679 0.7046432964329643 0.1016053647632595 0.2413127413127413 0.00973977806396276 309005
680 0.7049356773102352 0.10099573257467995 0.2412621359223301 0.009678919994141137 765931
681 0.7048180420297283 0.10038610038610038 0.24027237354085604 0.009573500693191812 424223
682 0.7053154954123738 0.1008130081300813 0.24183325207215992 0.00968867506927346 266163
683 0.7048390403936846 0.10020325203252033 0.2400194741966894 0.009544088727208756 759710
684 0.7048239093658687 0.10124008944907502 0.24116222760290557 0.009697550403085085 760166
685 0.7046549779555009 0.10004066693777959 0.23918327661643168 0.0094891089518773 302444
686 0.7054088695206358 0.10006101281269067 0.24082232011747431 0.009568516677131935 598403
687 0.7055475799835931 0.09945088468578402 0.24041297935103245 0.009490921664978216 137970
688 0.7058914013228734 0.09985763677038845 0.241752831117676 0.009593054129184255 681076
689 0.7060814275458928 0.09863738051657515 0.24069478908188585 0.009426429468086492 397261
690 0.7055535613558279 0.09926769731489016 0.24015748031496062 0.009461452400325468 618290
691 0.7055897435897436 0.09926769731489016 0.24027572624322993 0.009466999470327612 680992
692 0.7052156520847223 0.09947111472742066 0.23970588235294119 0.009459621762292631 720935
693 0.7057646938147503 0.09888097660223805 0.24011857707509882 0.009422775417389744 516675
694 0.7056470226188645 0.09908443540183112 0.240138067061144 0.009443076328902497 712166
695 0.7061448502256873 0.10010172939979654 0.24260355029585798 0.009656872718568608 321384
696 0.7068479097204411 0.10071210579857579 0.24504950495049505 0.009832838731813613 836513
697 0.7066276803118908 0.09989827060020345 0.2435515873015873 0.009682205066067883 697006
698 0.7066639306417688 0.09888097660223805 0.24239401496259352 0.0095292791252603 184210
699 0.7068540939872768 0.10012210012210013 0.2442899702085402 0.009739041767511518 839922
700 0.7070955825765738 0.09991859991859992 0.24464374688589935 0.009736065203419839 307443
701 0.7063622370446383 0.0993080993080993 0.2421836228287841 0.009560535107980363 615678
702 0.7061932372107342 0.10075310400977 0.24348253812100346 0.0097617511224968 474704
703 0.7064860426929392 0.09973539588845919 0.24293505205751115 0.009637220269245713 871067
704 0.7064709806537692 0.10075310400977 0.24420325604341392 0.009796265269070153 497589
705 0.7060966847993431 0.0991247710156727 0.24132804757185333 0.009502709347368622 605161
706 0.7062355658198615 0.09973539588845919 0.24245423057892132 0.009614468618010035 421411
707 0.7061691644426196 0.09932831263993487 0.24182358771060455 0.00954553299887519 875509
708 0.7058974490581532 0.10158794788273616 0.24389051808406648 0.009862331905347344 679014
709 0.7059850118057694 0.10181225819588678 0.24425989252564728 0.009901989709773079 80214
710 0.7065859042143627 0.10038688658114436 0.24393864423552697 0.009748027395017563 175569
711 0.7063141683778235 0.10038688658114436 0.2433366238894373 0.0097193116819529 882344
712 0.706247753991478 0.09896151496640196 0.2414307004470939 0.009491868220578518 325481
713 0.7064893726255262 0.09957238851557727 0.24280039721946375 0.009615106236989985 872954
714 0.7061662473686913 0.09938900203665987 0.24170381376919267 0.009545725840167295 641813
715 0.7063565413842678 0.0989816700610998 0.2416708105420189 0.009505056638943786 742925
716 0.7060333761232349 0.0996129557954777 0.24160079051383399 0.009562374437375069 586297
717 0.7059669302659957 0.0996129557954777 0.2414814814814815 0.009556746200507865 577357
718 0.7063626559852103 0.10002037074760643 0.2429490351311232 0.009665420593795465 338873
719 0.7064502875924404 0.09963325183374083 0.2425595238095238 0.009609597662070861 521114
720 0.706794720353346 0.10087629916445894 0.24480712166172106 0.009837227755399365 445994
721 0.7064201335387776 0.09944976564092113 0.2421836228287841 0.009574173531814856 153499
722 0.7060455082438749 0.09944976564092113 0.2413452027695351 0.00953467301233193 341467
723 0.7063899732895007 0.0990623726049735 0.2415506958250497 0.009507170830572101 645672
724 0.7062721528740946 0.09885854056257644 0.24105367793240556 0.009464349027408128 95061
725 0.7059488338641734 0.09947003668976763 0.24110671936758893 0.00952538812884745 733022
726 0.7054199845877216 0.09804321239298817 0.2381188118811881 0.009250448246572639 734127
727 0.7059699958898479 0.09783938035059112 0.23916292974588937 0.009279372173144384 803058
728 0.7054410933566254 0.0982670744138634 0.23837784371909002 0.009283561322517083 823263
729 0.7059911622649265 0.0999184339314845 0.2416173570019724 0.009592482881353333 750666
730 0.7061815939571451 0.09930668841761828 0.24132804757185333 0.009520149066807105 459001
731 0.7061664953751284 0.09932694268815011 0.24120851906884597 0.00951647080250425 695371
732 0.7060486150367439 0.09853121175030599 0.23982125124131082 0.009375605846217059 26901
733 0.7060335080686607 0.09873521011831905 0.2400793650793651 0.0094070554522178 522011
734 0.7057614226242483 0.09955120359037127 0.2405125677673731 0.009505182420681116 123067
735 0.7062088815789473 0.09914320685434516 0.24107142857142858 0.009492434698820282 836073
736 0.7060909791827293 0.09914320685434516 0.24083250743310208 0.009481227574028287 401641
737 0.7058702580446181 0.09853121175030599 0.23958333333333334 0.009364536653954703 793402
738 0.7054952963553179 0.09914320685434516 0.23952686052242483 0.009420058363873265 359456
739 0.705685790664199 0.09773515609059376 0.23807157057654074 0.009219208303937456 827743
740 0.7055164258906997 0.09795918367346938 0.23785926660059464 0.009230547342611957 331823
741 0.7054498714652956 0.09918367346938775 0.23929098966026588 0.009412861805530647 878995
742 0.7060517250244228 0.09693877551020408 0.23785678517776665 0.009134282556506038 581396
743 0.7064993829699712 0.09816326530612245 0.2405 0.009372078327162544 183922
744 0.7061757597572891 0.09857142857142857 0.24029850746268658 0.00940165876777251 519616
745 0.7061606500051425 0.09775510204081633 0.23926073926073926 0.00927589022930884 553072
746 0.7061455386988943 0.09673469387755101 0.23795180722891565 0.009119380449077005 490171
747 0.7061818555852705 0.09857142857142857 0.24041811846689895 0.009407231772377 564957
748 0.7062181762073754 0.0973469387755102 0.23897795591182364 0.00922417357884751 813109
749 0.7059458903404999 0.0969585629720351 0.23773773773773774 0.009130713206129397 278514
750 0.7059307648783498 0.09716268626250255 0.238 0.009161933173722506 686832
751 0.705298353909465 0.09593794651969789 0.235 0.008911232186612255 220884
752 0.7054375225063018 0.09593794651969789 0.23535302954431647 0.008927110446299348 60096
753 0.7054738141784134 0.09655031639110022 0.23626373626373626 0.009025355662646325 117543
754 0.7054072130472809 0.09657002858309514 0.23602794411177644 0.009016506814015791 818001
755 0.7054949578102491 0.09718252347897101 0.23705179282868527 0.009120441872237817 791478
756 0.705891432981734 0.09738668844426296 0.23826173826173827 0.009195061438621028 386183
757 0.7062364927446743 0.09575336872192731 0.23698837796867103 0.008983462678652514 364832
758 0.70601554057531 0.09575336872192731 0.23651033787191125 0.008961949696783857 548965
759 0.7063606422396048 0.09636586361780318 0.23814328960645811 0.009093300205438444 142726
760 0.7062940661829036 0.09658974882581173 0.23816717019133937 0.009115513007703302 308895
761 0.7061760164693772 0.09681372549019608 0.23807132094424913 0.009132279777582675 122275
762 0.7063153018683411 0.09681372549019608 0.23843058350100604 0.009148665447040058 60207
763 0.706248713197447 0.09701797385620915 0.23857358111501759 0.009174504794286152 738789
764 0.7061306429196479 0.09538398692810457 0.23621648963075367 0.008914212906829064 187419
765 0.7062699474930505 0.0959967320261438 0.23737373737373738 0.009023692810457517 330345
766 0.706048906048906 0.09538398692810457 0.23609706774519718 0.008908864379084967 549013
767 0.706085255354201 0.09783496732026144 0.23938030984507747 0.00928898896856397 866998
768 0.7063790351644957 0.09722222222222222 0.23931623931623933 0.009227871939736346 897639
769 0.7066728452270621 0.09640522875816994 0.2389873417721519 0.009135367993145193 332223
770 0.7063487976932187 0.09538398692810457 0.23693556570268898 0.008946439424668575 458864
771 0.7065396498455201 0.09538398692810457 0.23741738688357905 0.0089680535323988 790212
772 0.7064730418662135 0.09660947712418301 0.2388888888888889 0.009150236820131871 730203
773 0.7077968894839839 0.09558823529411764 0.24074074074074073 0.009137110726643598 873223
774 0.7072668280372869 0.09540347293156282 0.23911930363543266 0.009046380072901488 18879
775 0.7065822002472187 0.09419697588884349 0.23580562659846546 0.008785111447452327 110776
776 0.7074426989441154 0.09521863506334287 0.23921971252566734 0.009033363994201501 68939
777 0.7063459359225301 0.09460563955864323 0.2358634742740703 0.008825793092011248 311825
778 0.7078761654561376 0.09523809523809523 0.24020618556701032 0.009079572909360144 524459
779 0.7079126313620441 0.09585121602288985 0.24113110539845758 0.00917995105467334 168726
780 0.7070733089485344 0.0950337216431637 0.23809523809523808 0.008965445438034313 199192
781 0.7073158165893869 0.09625996321275292 0.2403061224489796 0.00918153962600377 100873
782 0.7060641970220001 0.09791496320523303 0.23938030984507747 0.009296584217107358 475706
783 0.7062036273701566 0.09875281128603558 0.2406576980568012 0.009435728556113786 313656
784 0.7064461276858865 0.09977509711715396 0.24254473161033796 0.009622578536199827 569763
785 0.7055034525404514 0.09775051124744376 0.23769269020387868 0.009203219298065416 750725
786 0.7054882762174697 0.09879320924524443 0.23887240356083086 0.009356298052049619 370508
787 0.7064522778808493 0.09858866843935365 0.24087956021989004 0.009430390590944325 888536
788 0.7069525331134361 0.09879320924524443 0.24234821876567988 0.009518675456902664 363397
789 0.7065251005051025 0.09797504602168132 0.2403411941796287 0.00934675304608352 416252
790 0.7065615174475542 0.09674780118633668 0.2388888888888889 0.009163337997824839 810885
791 0.706340206185567 0.09633871957455513 0.23787878787878788 0.009078738879474883 325440
792 0.7064281664003299 0.09554009819967267 0.23693556570268898 0.008961081715052648 142300
793 0.7063099288586452 0.09574468085106383 0.2369620253164557 0.008981461342613324 152463
794 0.7054699180285611 0.09513093289689034 0.23425692695214106 0.008803160954637615 165570
795 0.7065374303980202 0.09678739512993656 0.23876829883897022 0.009161584530010005 105209
796 0.7063160608404228 0.09557920589439214 0.23657548125633232 0.00894857440911811 606956
797 0.7068681035371764 0.09580348004094166 0.2380467955239064 0.009035878407730895 194840
798 0.7072655081730521 0.09662231320368475 0.24008138351983724 0.009205840095304643 471724
799 0.7073535478547854 0.09682702149437052 0.24059003051881994 0.009248623014304777 561640
800 0.707132174720231 0.09623259623259624 0.23918575063613232 0.009128016191588342 378792
801 0.7068076328004126 0.09664209664209664 0.2389873417721519 0.009157813614749972 654167
802 0.7063283304966733 0.09623259623259624 0.23737373737373738 0.009045864045864046 672692
803 0.7073963276253352 0.09746109746109746 0.24150177574835108 0.009351236120032734 162514
804 0.707432815804405 0.09725634725634726 0.24136178861788618 0.009325144317070034 125906
805 0.7068503043433405 0.09787059787059788 0.24080604534005037 0.009358300816592474 582401
806 0.7065256641733298 0.09602784602784603 0.2377090724784592 0.00904177068601883 368037
807 0.706562113082955 0.09582309582309582 0.23756345177664975 0.009015924576841344 638387
808 0.7064437909508332 0.0962523039115298 0.23773394031360648 0.009064031824968745 519440
809 0.7061706738210711 0.09545268332650553 0.2359493670886076 0.008908662213128696 664409
810 0.7065682885300036 0.09670149559516493 0.2383838383838384 0.00913592992812607 839076
811 0.7066047471620227 0.0971311475409836 0.23891129032258066 0.009200672249085976 372935
812 0.7060219825584395 0.09694609551137529 0.23721163490471414 0.009105540742033461 94193
813 0.7065744658891526 0.09633121541299447 0.23773394031360648 0.009071462882009097 653112
814 0.7070237910925324 0.09469153515064563 0.23668032786885246 0.008870131638199165 322575
815 0.7068538398018167 0.09530641524902644 0.23712391636919938 0.00894760409666814 157176
816 0.7065806451612904 0.09448657511785202 0.23544433094994893 0.008796104832255609 318103
817 0.706152575616806 0.0959409594095941 0.23624432104997475 0.00896751927375475 572707
818 0.7062922624270892 0.09637071970473651 0.23701462430660616 0.009042571024401312 624220
819 0.7071546562048318 0.09883124871847447 0.2422110552763819 0.00951591328052431 866225
820 0.7066749264364256 0.09618539786710419 0.2375886524822695 0.009051154012775254 703519
821 0.706814661848219 0.09680065627563576 0.238745574102175 0.00916180263928215 252921
822 0.7059734627497548 0.09639048400328137 0.23629964806435394 0.009012040477728713 854947
823 0.706216439487815 0.096 0.23624432104997475 0.008973037747153984 103089
824 0.7065110755408684 0.09661538461538462 0.23775870772337204 0.009099349360897051 577014
825 0.7064959206857379 0.0957948717948718 0.2366953877344146 0.008974163516189595 375841
826 0.7067389620449264 0.096 0.23756345177664975 0.009032569360675513 68519
827 0.7069303862838257 0.09702564102564103 0.23937246963562753 0.009211788078106827 651211
828 0.7072251200743687 0.09558974358974359 0.23824130879345604 0.009024477413456345 167635
829 0.7072099989670488 0.09723076923076923 0.24036511156186613 0.009276848755109623 804251
830 0.7072981767470689 0.09497435897435898 0.23767967145790556 0.00894126234345836 745196
831 0.7077479338842976 0.09476923076923077 0.23851316468766134 0.008959153798932803 50500
832 0.7088176042150938 0.0957948717948718 0.24247144340602284 0.009235385038853247 306359
833 0.7081310052691394 0.0957948717948718 0.2408457968024755 0.00916162300393306 817734
834 0.7083225706462778 0.09458350430857612 0.2396049896049896 0.008990308347681152 257311
835 0.7089274643521388 0.09355765285186705 0.23974763406940064 0.00889910089704868 571988
836 0.7088607594936709 0.09501333880566386 0.24139728884254433 0.009111676857295437 5556
837 0.7091040611759843 0.09706546275395034 0.24469736161407138 0.009460532429964662 62812
838 0.7088306722471969 0.09521855120049251 0.24166666666666667 0.009143503260974448 479396
839 0.7089706490285241 0.09542376359532116 0.242313705054716 0.009192469457597748 125764
840 0.7089039326133016 0.09503284072249589 0.24152321335419927 0.009119213524251936 771727
841 0.7086821705426357 0.09564860426929392 0.2418266735858848 0.009192049822538868 627738
842 0.7088221613520078 0.09564860426929392 0.24220374220374222 0.009209142477167557 314497
843 0.7091689063469092 0.09585385878489326 0.2433559145388223 0.009281308739901547 691035
844 0.7084819351837495 0.09523809523809523 0.24091381100726894 0.009111438389788905 628034
845 0.708466866535718 0.09464175733935537 0.23997917751171266 0.009012569744565756 567275
846 0.7085551822176273 0.09548254620123203 0.2411825726141079 0.009146968270204553 126181
847 0.7083333333333334 0.09385910864653933 0.23839332290036516 0.008867813241982318 429799
848 0.7079046683554774 0.09385910864653933 0.2374025974025974 0.008824030580429638 82134
849 0.7086133802088719 0.0948860135551448 0.2404997397188964 0.009059173023863793 486216
850 0.7083397962876791 0.09490550534100246 0.23975090814737934 0.009027453874314008 22400
851 0.7076008273009308 0.09451407437846723 0.23735810113519093 0.00888362775114322 160293
852 0.7086715962562697 0.09410314362029998 0.23941453214845793 0.008936189047915695 195206
853 0.7083462612472852 0.09492500513663447 0.23975090814737934 0.009029308703546454 156298
854 0.7087966075399493 0.09494451294697903 0.24075039082855654 0.009076011790089863 380907
855 0.7085746793545717 0.09453349773941636 0.23970818134445024 0.008990161041995353 238169
856 0.7082492888544091 0.09350595972050967 0.23759791122715404 0.008799423303584674 504005
857 0.7083893658839351 0.09309494451294698 0.23742138364779874 0.00875301159492839 373546
858 0.708529457404438 0.0926839293053843 0.2372435560231457 0.008706613646475384 444262
859 0.7088764742396028 0.093711467324291 0.23949579831932774 0.008902589395807644 731383
860 0.7083441104960944 0.09288943690916564 0.23714585519412382 0.008721650495002673 561818
861 0.7080703569580962 0.09290853031860226 0.23640167364016737 0.008690946958610975 234688
862 0.7085726111024885 0.09290853031860226 0.23764458464773922 0.008745242753854274 175690
863 0.7086610099337748 0.09455292908530319 0.24008350730688935 0.009008771205310576 629880
864 0.7083354892119832 0.09393627954779034 0.238517745302714 0.008880612278307859 844773
865 0.7090965538652593 0.09393627954779034 0.24039978958442926 0.008964059251062891 865936
866 0.7078395860284605 0.09313322368421052 0.23618352450469238 0.008702423747720166 626968
867 0.7089629476298903 0.09436677631578948 0.24056603773584906 0.009012557288586636 463986
868 0.7088961341406614 0.09477796052631579 0.24098274960794563 0.00907050857434743 384930
869 0.7091915950729738 0.09457236842105263 0.24146981627296588 0.009072635969485758 388727
870 0.7090212721908804 0.09354440789473684 0.23972602739726026 0.00889688662042334 348916
871 0.7091097308488613 0.09333881578947369 0.23970432946145723 0.008876376700549027 854721
872 0.7094570112324654 0.09459181575159367 0.24210526315789474 0.009102978084881398 259370
873 0.7091831452531318 0.0941805469874563 0.24092582851130984 0.009010798103249423 863254
874 0.709530465393177 0.09376927822331894 0.24126984126984127 0.008986715189120099 801554
875 0.7095671981776766 0.0941805469874563 0.24194400422609613 0.009056202082774509 872322
876 0.7095003882992493 0.09438618136952498 0.24208860759493672 0.009082443867633537 724764
877 0.7102102102102102 0.09479745013366235 0.24443266171792152 0.009227538959378874 862905
878 0.7095220835706519 0.09623689080814313 0.24464192368008364 0.009377236081243178 546287
879 0.709662386081193 0.09376927822331894 0.2417815482502651 0.009009437604263261 752626
880 0.7096991352079126 0.09376927822331894 0.24190981432360742 0.009015136173272915 315649
881 0.7094251683065769 0.09335800945918157 0.24072110286320256 0.00892306027251967 156334
882 0.7094101196333316 0.09459181575159367 0.24236037934668073 0.009114418777908062 475914
883 0.7101719494510048 0.09500308451573103 0.24483306836248012 0.009265658654479151 410333
884 0.710001553840576 0.09502262443438914 0.24431517715494447 0.009244146660073232 655789
885 0.7100383300528333 0.09646236116824353 0.24632352941176472 0.009476507622100169 103769
886 0.7095571095571096 0.0944055944055944 0.24247226624405704 0.00910148452681534 517648
887 0.7106817239950269 0.09399424105306459 0.2447777182645956 0.00916478945194165 361612
888 0.7101486815520903 0.09481694775812423 0.24456233421750664 0.009235286903971112 17301
889 0.7104963216247021 0.09461127108185932 0.24520255863539445 0.009244091906893646 126564
890 0.7106367545723019 0.09276018099547512 0.2431266846361186 0.008971658080411596 475839
891 0.7108290155440414 0.09276018099547512 0.24365207995678012 0.008994805768428139 872542
892 0.7101922379397896 0.09234882764294529 0.2415277030661646 0.00886185586913495 156174
893 0.7097108508653747 0.09216210656243572 0.2399571505088377 0.008775477946858916 89567
894 0.710006736798466 0.09298498251388602 0.24184055644729802 0.008936681287747498 510845
895 0.7100435323383084 0.0923678255502983 0.24113856068743286 0.008846662472714149 437886
896 0.7109095620627105 0.09154494959884797 0.2422427871529668 0.008815733081905941 466975
897 0.7106354307038457 0.09257354453816087 0.24298056155507558 0.008947185361291323 133512
898 0.7105686000103665 0.09277926352602345 0.2431266846361186 0.008973503720831347 678672
899 0.7103462575160688 0.09257354453816087 0.24232633279483037 0.008918453231036693 623294
900 0.710020216681354 0.0923678255502983 0.2412681354110693 0.008852327357968821 171954
901 0.7097978227060653 0.09195638757457314 0.24019344438473939 0.008766155949207547 241498
902 0.7093161905749391 0.09113351162312282 0.23791621911922664 0.008589818223200724 863124
903 0.7096640398175031 0.09154494959884797 0.23937600860677785 0.008691594318644623 76886
904 0.7101674703167937 0.0903106356716725 0.23897659227000545 0.008557385939966378 823076
905 0.7092709737633517 0.09072207364739765 0.2373519913885899 0.008526946819800162 277157
906 0.7093596059113301 0.09010491668380992 0.23675675675675675 0.00844372133237243 202847
907 0.709707529558183 0.09051635465953507 0.2382241472658365 0.008544774951769028 563178
908 0.7097961935383499 0.09010491668380992 0.23791417707767518 0.008492781043147997 259101
909 0.7101960377554195 0.09051635465953507 0.23952095808383234 0.008600128708744425 696781
910 0.7097660909703853 0.09074074074074075 0.23863636363636365 0.008583583583583583 205320
911 0.7095954356846473 0.08911298621115456 0.23583877995642702 0.008312348778420924 434280
912 0.7096322423362208 0.08892548373816385 0.23555070883315157 0.00828283936500362 254083
913 0.7099284158107687 0.08995471387402224 0.23775843307943417 0.008472028009255974 858964
914 0.710068994138092 0.08954302181967888 0.2375750955761879 0.008425527685823124 382068
915 0.7098464411703673 0.0893371757925072 0.23677032187670485 0.008372345993078843 555659
916 0.7093644617380026 0.08892548373816385 0.235038084874864 0.008261464295674578 206758
917 0.7094531493203279 0.08995471387402224 0.23672806067172264 0.008428432667870436 569963
918 0.7095418461059513 0.08892548373816385 0.23555070883315157 0.00828283936500362 458445
919 0.7091635533416355 0.0893371757925072 0.23523035230352304 0.008307763936993385 150959
920 0.7097711587359244 0.09160148209139564 0.2398921832884097 0.008719285461106108 667504
921 0.7101712506486767 0.08995471387402224 0.23866739486619334 0.008510545564613057 459164
922 0.710208106284706 0.09016055990119391 0.2390829694323144 0.008547689445178124 116344
923 0.7100373676562176 0.09036640592836558 0.23897659227000545 0.008562670451662528 43820
924 0.710385633466549 0.09100267654931027 0.2406096897114861 0.008693145242013214 19015
925 0.7107339354302917 0.09246293245469522 0.24336043360433604 0.008953171592011679 664187
926 0.7105112899039709 0.09102141680395387 0.24087193460490464 0.00870622510870972 391027
927 0.711015365448505 0.09184514003294893 0.24331696672122205 0.008891454841479319 823343
928 0.7102735814774438 0.09289392378990731 0.24273412271259417 0.008967285879547987 877945
929 0.7108815283978819 0.09289392378990731 0.24431202600216684 0.009036919678440078 661722
930 0.7110222729868646 0.09309989701338826 0.24498644986449863 0.009086839440736665 762567
931 0.7114745586708203 0.09248197734294542 0.2453551912568306 0.009042771739325455 202321
932 0.7108884158055974 0.09104016477857879 0.24192665571975916 0.008753481146863567 9482
933 0.710925329733098 0.09227600411946447 0.24374319912948858 0.008951851417392829 137396
934 0.7110141766630316 0.09186405767250258 0.24344978165938866 0.008899081173313672 786626
935 0.7108433734939759 0.09268795056642637 0.24416711882799783 0.009010494222270873 594065
936 0.71010127239678 0.09165808444902163 0.2409312398484028 0.008769694168956057 16464
937 0.7106575257089436 0.09001029866117405 0.24010989010989012 0.008577082537054744 95957
938 0.7105386173583338 0.09124613800205973 0.2415485278080698 0.00875694088711275 241411
939 0.7116663203822979 0.09062821833161688 0.24363233665559247 0.008787222579530945 339700
940 0.711755233494364 0.08920477956324681 0.2417643774427694 0.008570150776766334 250178
941 0.7115844155844155 0.09023485784919653 0.24279379157427938 0.008713154263216068 631137
942 0.7113096784248533 0.08941079522043675 0.24097723486951694 0.00855662296045635 241866
943 0.7111388196176226 0.08963527714815578 0.24073049252905368 0.008567643498010936 204336
944 0.7112796799501221 0.09025345147331547 0.2419889502762431 0.008680503237881462 547188
945 0.7114205549205029 0.08963527714815578 0.24153248195446975 0.008601664584038774 117411
946 0.7115094829825929 0.0898598516075845 0.24195338512763595 0.008641132620402921 652451
947 0.7111827062980669 0.08903544929925804 0.24 0.008479566599929336 785792
948 0.7113755651405705 0.08965375103050288 0.2413984461709212 0.008597747287978122 629377
949 0.7106849599833697 0.08903544929925804 0.23880597014925373 0.008429391649633897 673111
950 0.7110857024063199 0.08802308802308802 0.23828125 0.008311777661622862 236194
951 0.7111746361746362 0.08864151721294579 0.23942093541202672 0.008417811926141053 543841
952 0.7114714902021935 0.08967223252937538 0.24166666666666667 0.0086109097461983 573120
953 0.7116644141802683 0.08864151721294579 0.24076147816349383 0.008473955625070405 863497
954 0.7116494255861101 0.08927835051546391 0.241494701617401 0.008565815593440256 383074
955 0.7116864212934082 0.08804123711340206 0.2398876404494382 0.008380206920959135 448209
956 0.7110475695347024 0.08824742268041237 0.23857302118171683 0.008345094323291316 801831
957 0.7113964853904544 0.08744070942462363 0.23820224719101124 0.008253530898495195 652130
958 0.7112254978422503 0.08805939368942049 0.23868082727780884 0.008331788412449047 378719
959 0.711678452579035 0.08805939368942049 0.2398876404494382 0.008381935155011715 797307
960 0.7113514637824346 0.08661579707156114 0.23702031602708803 0.008127487660870349 516842
961 0.7116484659386375 0.08661579707156114 0.23782559456398641 0.008160303896378574 318617
962 0.7121535181236673 0.0889026402640264 0.24227093872962338 0.008562466581853716 296150
963 0.7113064281256501 0.08787128712871287 0.23865546218487396 0.008312939888259313 285152
964 0.7123836271909294 0.08788941613369095 0.2413597733711048 0.008426939291684074 552779
965 0.7124206803287215 0.08665153703321642 0.23972602739726026 0.008241314663485258 290479
966 0.7119375812743823 0.08832026413536938 0.2407199100112486 0.008441508050455133 551330
967 0.7109862671660424 0.08749484110606685 0.2371364653243848 0.008214750360711325 673892
968 0.7121156947406753 0.08790755262071812 0.24067796610169492 0.00840031794895153 36549
969 0.7125689314327334 0.08875128998968008 0.24293785310734464 0.008575967347317403 369655
970 0.7122938452733989 0.08710010319917441 0.23990903922683343 0.008291505425231582 396525
971 0.7128511966701353 0.08771929824561403 0.24230330672748004 0.008449841739434716 562086
972 0.712211873666684 0.08751289989680082 0.24036281179138322 0.008349565606715471 531911
973 0.7117285877822874 0.08751289989680082 0.23914269599548788 0.008299143269121796 632265
974 0.7116095124108862 0.08751289989680082 0.23887323943661973 0.008288020897083661 617295
975 0.7116465445462115 0.08710010319917441 0.2384180790960452 0.008230238143764354 431488
976 0.7110070257611241 0.0868937048503612 0.23651685393258426 0.008133003499778137 264517
977 0.7116165296138233 0.08565531475748193 0.23633257403189067 0.008009679050102525 297339
978 0.7117576640816115 0.08627450980392157 0.23763501989766914 0.00812041096555713 157171
979 0.7111701020195711 0.08544891640866874 0.23496027241770714 0.007935363704169774 21190
980 0.7124043516735203 0.08648090815273478 0.2397025171624714 0.008224126308669057 130446
981 0.7112961998958875 0.08670520231213873 0.23702031602708803 0.008135876892559934 514790
982 0.7120620542454058 0.08464079273327828 0.2360391479562464 0.007903148490240059 277152
983 0.7115264473136194 0.08464079273327828 0.2346880366342301 0.0078495193441855 173511
984 0.7123444577497787 0.08486475325211645 0.2370242214532872 0.007963336435301338 397089
985 0.7122253462459648 0.08486475325211645 0.2367511520737327 0.007952442678207904 821906
986 0.7128872689403801 0.08403881891389635 0.23731778425655978 0.007897436919407945 549866
987 0.7130806082066237 0.08548420400578154 0.24 0.008141352762455385 216535
988 0.7127011404468052 0.0844517860830064 0.23751451800232287 0.007944061754358238 740274
989 0.7115404645349442 0.08384964890541098 0.23346751006325475 0.007728253678909617 205053
990 0.7119941669704702 0.08364312267657993 0.234375 0.007744733581164808 591011
991 0.7127083333333334 0.0848822800495663 0.2381228273464658 0.008008865266384698 548264
992 0.7124329392155841 0.08428010741582317 0.23638470451911936 0.007883146223213173 343213
993 0.7122096051672049 0.08448667630654823 0.2361431870669746 0.007892885018131162 605045
994 0.7121425222691046 0.08531295186944846 0.2372199885123492 0.008013247469202232 329235
995 0.7122317149406127 0.08615702479338842 0.238558352402746 0.008146820711755777 180047
996 0.7117478510028653 0.08472824963835503 0.23509174311926606 0.007873658737925105 254941
997 0.7120454308638116 0.08431494110353378 0.23529411764705882 0.007843250335212444 481080
998 0.7122909394049914 0.08576152097540814 0.23809523809523808 0.0080907095259819 718283
999 0.7121196331804919 0.08472824963835503 0.23617511520737328 0.00791672341652816 252822
